Кол. элементов - Время сортировки (sec)
-----------------------------------------------------------

512 - 0,00000000000000000000000000000000000000000000000000;
1024 - 0,00100000000000000002081668171172168513294309377670;
1500 - 0,00100000000000000002081668171172168513294309377670;
2048 - 0,00100000000000000002081668171172168513294309377670;
2500 - 0,00100000000000000002081668171172168513294309377670;
3000 - 0,00100000000000000002081668171172168513294309377670;
3500 - 0,00100000000000000002081668171172168513294309377670;
4096 - 0,00100000000000000002081668171172168513294309377670;
5000 - 0,00100000000000000002081668171172168513294309377670;
6000 - 0,00100000000000000002081668171172168513294309377670;
7000 - 0,00100000000000000002081668171172168513294309377670;
8192 - 0,00100000000000000002081668171172168513294309377670;
10000 - 0,00100000000000000002081668171172168513294309377670;
12000 - 0,00300000000000000006245004513516505539882928133011;
14000 - 0,00300000000000000006245004513516505539882928133011;
16384 - 0,00300000000000000006245004513516505539882928133011;
32768 - 0,00500000000000000010408340855860842566471546888351;
65536 - 0,01000000000000000020816681711721685132943093776703;
100000 - 0,01499999999999999944488848768742172978818416595459;
131072 - 0,02000000000000000041633363423443370265886187553406;
150000 - 0,02100000000000000130451205393455893499776721000671;
200000 - 0,03500000000000000333066907387546962127089500427246;
262144 - 0,03899999999999999994448884876874217297881841659546;
300000 - 0,04399999999999999744648704336213995702564716339111;
330000 - 0,05000000000000000277555756156289135105907917022705;
350000 - 0,05700000000000000205391259555653959978371858596802;
400000 - 0,05899999999999999689137553104956168681383132934570;
450000 - 0,07000000000000000666133814775093924254179000854492;
480000 - 0,08000000000000000166533453693773481063544750213623;
500000 - 0,08200000000000000344169137633798527531325817108154;
1000000 - 0,15299999999999999711342013597459299489855766296387;
2000000 - 0,36299999999999998934185896359849721193313598632813;
3000000 - 0,53100000000000002753353101070388220250606536865234;
4000000 - 0,76000000000000000888178419700125232338905334472656;
5000000 - 1,04000000000000003552713678800500929355621337890625;
6000000 - 1,23399999999999998578914528479799628257751464843750;
7000000 - 1,42599999999999993427479694219073280692100524902344;
8000000 - 1,56699999999999994848565165739273652434349060058594;
9000000 - 1,92100000000000004085620730620576068758964538574219;
10000000 - 2,20800000000000018474111129762604832649230957031250;
15000000 - 3,41599999999999992539301274518948048353195190429688;
20000000 - 4,83300000000000018474111129762604832649230957031250;
30000000 - 7,30999999999999960920149533194489777088165283203125;
40000000 - 10,09900000000000019895196601282805204391479492187500;
50000000 - 12,78599999999999958788521325914189219474792480468750;
100000000 - 26,12600000000000122213350550737231969833374023437500;




200000 - 0,08999999999999999666933092612453037872910499572754;
