Кол. элементов - Время сортировки (sec)				
-----------------------------------------------------------
 
512 - 0,00100000000000000002081668171172168513294309377670;
1024 - 0,00200000000000000004163336342344337026588618755341;
1500 - 0,00300000000000000006245004513516505539882928133011;
2048 - 0,00600000000000000012490009027033011079765856266022;
2500 - 0,00700000000000000014571677198205179593060165643692;
3000 - 0,01000000000000000020816681711721685132943093776703;
3500 - 0,01299999999999999940325512426397835952229797840118;
4096 - 0,01700000000000000122124532708767219446599483489990;
5000 - 0,02199999999999999872324352168106997851282358169556;
6000 - 0,03200000000000000066613381477509392425417900085449;
7000 - 0,04100000000000000172084568816899263765662908554077;
8192 - 0,06099999999999999866773237044981215149164199829102;
10000 - 0,08899999999999999578115250642440514639019966125488;
12000 - 0,11400000000000000410782519111307919956743717193604;
14000 - 0,15399999999999999800159855567471822723746299743652;
16384 - 0,35899999999999998578914528479799628257751464843750;
32786 - 0,84099999999999996980193373019574210047721862792969;
65536 - 3,29599999999999981881160238117445260286331176757813;
100000 - 7,87800000000000011368683772161602973937988281250000;
131072 - 14,00000000000000000000000000000000000000000000000000;
200000 - 53,27100000000000079580786405131220817565917968750000;
262144 - 107,83799999999999386091076303273439407348632812500000;
300000 - 114,62500000000000000000000000000000000000000000000000;
330000 - 173,10300000000000864019966684281826019287109375000000;
350000 - 179,19300000000001205080479849129915237426757812500000;
400000 - 224,25600000000000022737367544323205947875976562500000;
450000 - 282,36399999999997589839040301740169525146484375000000;
480000 - 331,42399999999997817212715744972229003906250000000000;
500000 - 372,13600000000002410160959698259830474853515625000000;
524288 - 380,95100000000002182787284255027770996093750000000000;
34;0,00100000000000000002081668171172168513294309377670
45;0,00100000000000000002081668171172168513294309377670
234;0,00100000000000000002081668171172168513294309377670
